6.800000000000000000e+01 2.900000000000000000e+01
1.150000000000000000e+02 6.000000000000000000e+01
9.400000000000000000e+01 8.800000000000000000e+01
7.500000000000000000e+01 9.500000000000000000e+01
5.000000000000000000e+01 9.500000000000000000e+01
4.200000000000000000e+01 8.000000000000000000e+01
4.500000000000000000e+01 5.600000000000000000e+01
5.900000000000000000e+01 3.900000000000000000e+01
8.100000000000000000e+01 3.800000000000000000e+01
9.800000000000000000e+01 4.700000000000000000e+01
